1
2
3
9
13
15
16
17
18
20
22
23
25
27
29
31
33
34
36
37
39
40
43
44
46
47
48
50
52
56
61
62
63
64
66
67
68
72
73
74
75
77
78
79
81
83
84
85
86
88
89
90
91
92
93
94
96
100
101
103
106
107
110
111
114
116
117
118
119
121
122
124
126
127
130
131
134
135
136
137
139
140
141
143
144
146
149
150
154
155
159
161
164
166
172
173
174
175
176
177
178
179
183
184
185
186
189
190
194
196
197
198
201
202
204
206
207
209
210
211
212
213
214
215
216
218
219
220
223
224
226
232
235
237
241
244
248
250
251
252
253
254
255
258
259
260
261
263
270
271
272
273
274
277
278
279
280
282
285
289
290
291
292
296
298
300
301
302
303
304
305
312
313
316
317
318
322
323
324
325
327
332
333
335
340
342
345
347
349
351
352
353
356
358
359
361
364
365
367
369
372
373
377
379
380
386
387
388
389
391
392
393
396
397
399
400
401
402
403
404
405
407
408
410
411
414
417
419
420
421
422
423
425
428
432
433
435
436
439
441
442
446
448
449
450
451
453
454
456
457
458
459
460
466
468
469
472
473
475
476
480
482
485
486
487
488
489
490
495
498
500
505
508
509
513
514
516
520
521
522
525
526
531
532
535
536
537
538
539
540
541
544
545
546
548
549
553
557
561
562
564
568
569
571
572
574
577
578
580
582
583
590
592
594
595
596
598
599
603
604
606
609
613
616
617
620
621
622
623
624
626
633
635
637
638
641
643
645
646
647
648
649
651
652
656
658
660
664
665
666
668
670
671
676
680
682
684
685
686
688
690
692
696
697
698
699
701
703
704
705
706
708
709
712
713
714
716
717
721
723
724
725
726
729
735
736
738
740
741
743
744
746
748
749
750
751
754
756
759
762
763
764
765
766
768
769
770
775
776
778
779
780
781
785
791
796
802
805
807
811
816
817
820
821
822
824
827
829
830
835
836
837
838
840
841
843
845
846
847
850
852
855
856
857
858
860
861
862
866
868
869
872
874
875
878
880
882
889
893
894
895
896
898
900
901
902
911
912
916
920
921
923
925
927
929
930
931
932
933
935
936
937
938
942
943
945
955
956
958
960
961
963
971
974
976
977
978
979
984
987
